10A01
00100
10B01
00101
10C01
00102
037A1
000FF
038C1
000FF
01387
088A1
00008
089C1
00008
01498
00501
00100
00601
00100
00A01
10000
02854
02763
0E187
0001D
01878
09100
0001E
01887
0C18A
00023
00A80
00B50
00C60
00551
FFFFF
0C150
00016
00661
FFFFF
00501
00100
0C160
00016
10A01
00100
037A1
000FF
088A1
00008
01808
027C7
028B8
00A87
10501
00101
03651
000FF
08551
00008
00700
00800
00300
0C175
0004B
0B186
0004B
029B7
0099A
024C8
0C149
0004B
00301
000FF
06971
00008
00998
14910
00014
14310
00015
00910
00001
14910
00016
00881
00001
00910
00100
0B189
0003F
00800
00771
00001
0B179
0003F
15000
00000
00000
00000
00000
00000
00000
00000
00000
00000
00000
00000
00000
00000
00000
00000
00000
00000
00000
00000
00000
00000
00000
00000
00000
00000
00000
00000
00000
00000
00000
00000
00000
00000
00000
00000
00000
00000
00000
00000
00000
00000
00000
00000
00000
00000
00000
00000
00000
00000
00000
00000
00000
00000
00000
00000
00000
00000
00000
00000
00000
00000
00000
00000
00000
00000
00000
00000
00000
00000
00000
00000
00000
00000
00000
00000
00000
00000
00000
00000
00000
00000
00000
00000
00000
00000
00000
00000
00000
00000
00000
00000
00000
00000
00000
00000
00000
00000
00000
00000
00000
00000
00000
00000
00000
00000
00000
00000
00000
00000
00000
00000
00000
00000
00000
00000
00000
00000
00000
00000
00000
00000
00000
00000
00000
00000
00000
00000
00000
00000
00000
00000
00000
00000
00000
00000
00000
00000
00000
00000
00000
00000
00000
00000
00000
00000
00000
00000
00000
00000
00000
00000
00000
00000
00000
00000
00000
00000
00000
00505
09005
090FE
