000 00901 00000000 00000001 00000000 00000000 00000000 00000000 00000000 00000000 00000000 00000000 00000000 00000000 00000000 00000000 00000000 00000000
002 06E91 00000000 0000000B 00000000 00000000 00000000 00000000 00000000 00000000 00000000 00000001 00000000 00000000 00000000 00000000 00000000 00000000
004 10310 00000000 00000100 00000000 00000000 00000000 00000000 00000000 00000000 00000000 00000001 00000000 00000000 00000000 00000000 00000800 00000000
006 10410 00000000 00000101 00000000 00000005 00000000 00000000 00000000 00000000 00000000 00000001 00000000 00000000 00000000 00000000 00000800 00000000
008 0FF10 00000000 0000000D 00000000 00000005 00000002 00000000 00000000 00000000 00000000 00000001 00000000 00000000 00000000 00000000 00000800 00000000
00D 00EE1 00000000 FFFFFFFC 00000000 00000005 00000002 00000000 00000000 00000000 00000000 00000001 00000000 00000000 00000000 00000000 00000800 0000000A
00F 11AE1 00000000 00000003 00000000 00000005 00000002 00000000 00000000 00000000 00000000 00000001 00000000 00000000 00000000 00000000 000007FC 0000000A
011 11FE1 00000000 00000002 00000000 00000005 00000002 00000000 00000000 00000000 00000000 00000001 00000000 00000000 00000000 00000000 000007FC 0000000A
013 114E1 00000000 00000001 00000000 00000005 00000002 00000000 00000000 00000000 00000000 00000001 00000000 00000000 00000000 00000000 000007FC 0000000A
015 113E1 00000000 00000000 00000000 00000005 00000002 00000000 00000000 00000000 00000000 00000001 00000000 00000000 00000000 00000000 000007FC 0000000A
017 09140 00000000 00000035 00000000 00000005 00000002 00000000 00000000 00000000 00000000 00000001 00000000 00000000 00000000 00000000 000007FC 0000000A
019 09134 00000000 00000035 00000000 00000005 00000002 00000000 00000000 00000000 00000000 00000001 00000000 00000000 00000000 00000000 000007FC 0000000A
01B 01331 00000000 00000001 00000000 00000005 00000002 00000000 00000000 00000000 00000000 00000001 00000000 00000000 00000000 00000000 000007FC 0000000A
01D 0FF10 00000000 0000000D 00000000 00000004 00000002 00000000 00000000 00000000 00000000 00000001 00000000 00000000 00000000 00000000 000007FC 0000000A
00D 00EE1 00000000 FFFFFFFC 00000000 00000004 00000002 00000000 00000000 00000000 00000000 00000001 00000000 00000000 00000000 00000000 000007FC 0000001F
00F 11AE1 00000000 00000003 00000000 00000004 00000002 00000000 00000000 00000000 00000000 00000001 00000000 00000000 00000000 00000000 000007F8 0000001F
011 11FE1 00000000 00000002 00000000 00000004 00000002 00000000 00000000 00000000 00000000 00000001 00000000 00000000 00000000 00000000 000007F8 0000001F
013 114E1 00000000 00000001 00000000 00000004 00000002 00000000 00000000 00000000 00000000 00000001 00000000 00000000 00000000 00000000 000007F8 0000001F
015 113E1 00000000 00000000 00000000 00000004 00000002 00000000 00000000 00000000 00000000 00000001 00000000 00000000 00000000 00000000 000007F8 0000001F
017 09140 00000000 00000035 00000000 00000004 00000002 00000000 00000000 00000000 00000000 00000001 00000000 00000000 00000000 00000000 000007F8 0000001F
019 09134 00000000 00000035 00000000 00000004 00000002 00000000 00000000 00000000 00000000 00000001 00000000 00000000 00000000 00000000 000007F8 0000001F
01B 01331 00000000 00000001 00000000 00000004 00000002 00000000 00000000 00000000 00000000 00000001 00000000 00000000 00000000 00000000 000007F8 0000001F
01D 0FF10 00000000 0000000D 00000000 00000003 00000002 00000000 00000000 00000000 00000000 00000001 00000000 00000000 00000000 00000000 000007F8 0000001F
00D 00EE1 00000000 FFFFFFFC 00000000 00000003 00000002 00000000 00000000 00000000 00000000 00000001 00000000 00000000 00000000 00000000 000007F8 0000001F
00F 11AE1 00000000 00000003 00000000 00000003 00000002 00000000 00000000 00000000 00000000 00000001 00000000 00000000 00000000 00000000 000007F4 0000001F
011 11FE1 00000000 00000002 00000000 00000003 00000002 00000000 00000000 00000000 00000000 00000001 00000000 00000000 00000000 00000000 000007F4 0000001F
013 114E1 00000000 00000001 00000000 00000003 00000002 00000000 00000000 00000000 00000000 00000001 00000000 00000000 00000000 00000000 000007F4 0000001F
015 113E1 00000000 00000000 00000000 00000003 00000002 00000000 00000000 00000000 00000000 00000001 00000000 00000000 00000000 00000000 000007F4 0000001F
017 09140 00000000 00000035 00000000 00000003 00000002 00000000 00000000 00000000 00000000 00000001 00000000 00000000 00000000 00000000 000007F4 0000001F
019 09134 00000000 00000035 00000000 00000003 00000002 00000000 00000000 00000000 00000000 00000001 00000000 00000000 00000000 00000000 000007F4 0000001F
01B 01331 00000000 00000001 00000000 00000003 00000002 00000000 00000000 00000000 00000000 00000001 00000000 00000000 00000000 00000000 000007F4 0000001F
01D 0FF10 00000000 0000000D 00000000 00000002 00000002 00000000 00000000 00000000 00000000 00000001 00000000 00000000 00000000 00000000 000007F4 0000001F
00D 00EE1 00000000 FFFFFFFC 00000000 00000002 00000002 00000000 00000000 00000000 00000000 00000001 00000000 00000000 00000000 00000000 000007F4 0000001F
00F 11AE1 00000000 00000003 00000000 00000002 00000002 00000000 00000000 00000000 00000000 00000001 00000000 00000000 00000000 00000000 000007F0 0000001F
011 11FE1 00000000 00000002 00000000 00000002 00000002 00000000 00000000 00000000 00000000 00000001 00000000 00000000 00000000 00000000 000007F0 0000001F
013 114E1 00000000 00000001 00000000 00000002 00000002 00000000 00000000 00000000 00000000 00000001 00000000 00000000 00000000 00000000 000007F0 0000001F
015 113E1 00000000 00000000 00000000 00000002 00000002 00000000 00000000 00000000 00000000 00000001 00000000 00000000 00000000 00000000 000007F0 0000001F
017 09140 00000000 00000035 00000000 00000002 00000002 00000000 00000000 00000000 00000000 00000001 00000000 00000000 00000000 00000000 000007F0 0000001F
019 09134 00000000 00000035 00000000 00000002 00000002 00000000 00000000 00000000 00000000 00000001 00000000 00000000 00000000 00000000 000007F0 0000001F
035 00201 00000000 00000001 00000000 00000002 00000002 00000000 00000000 00000000 00000000 00000001 00000000 00000000 00000000 00000000 000007F0 0000001F
037 00EE1 00000000 00000004 00000001 00000002 00000002 00000000 00000000 00000000 00000000 00000001 00000000 00000000 00000000 00000000 000007F0 0000001F
039 09F00 00000000 00000000 00000001 00000002 00000002 00000000 00000000 00000000 00000000 00000001 00000000 00000000 00000000 00000000 000007F4 0000001F
01F 00A20 00000000 00000000 00000001 00000002 00000002 00000000 00000000 00000000 00000000 00000001 00000000 00000000 00000000 00000000 000007F4 0000001F
020 103E1 00000000 00000000 00000001 00000002 00000002 00000000 00000000 00000000 00000000 00000001 00000001 00000000 00000000 00000000 000007F4 0000001F
022 104E1 00000000 00000001 00000001 00000003 00000002 00000000 00000000 00000000 00000000 00000001 00000001 00000000 00000000 00000000 000007F4 0000001F
024 01331 00000000 00000001 00000001 00000003 00000002 00000000 00000000 00000000 00000000 00000001 00000001 00000000 00000000 00000000 000007F4 0000001F
026 01441 00000000 00000001 00000001 00000002 00000002 00000000 00000000 00000000 00000000 00000001 00000001 00000000 00000000 00000000 000007F4 0000001F
028 0FF10 00000000 0000000D 00000001 00000002 00000001 00000000 00000000 00000000 00000000 00000001 00000001 00000000 00000000 00000000 000007F4 0000001F
00D 00EE1 00000000 FFFFFFFC 00000001 00000002 00000001 00000000 00000000 00000000 00000000 00000001 00000001 00000000 00000000 00000000 000007F4 0000002A
00F 11AE1 00000000 00000003 00000001 00000002 00000001 00000000 00000000 00000000 00000000 00000001 00000001 00000000 00000000 00000000 000007F0 0000002A
011 11FE1 00000000 00000002 00000001 00000002 00000001 00000000 00000000 00000000 00000000 00000001 00000001 00000000 00000000 00000000 000007F0 0000002A
013 114E1 00000000 00000001 00000001 00000002 00000001 00000000 00000000 00000000 00000000 00000001 00000001 00000000 00000000 00000000 000007F0 0000002A
015 113E1 00000000 00000000 00000001 00000002 00000001 00000000 00000000 00000000 00000000 00000001 00000001 00000000 00000000 00000000 000007F0 0000002A
017 09140 00000000 00000035 00000001 00000002 00000001 00000000 00000000 00000000 00000000 00000001 00000001 00000000 00000000 00000000 000007F0 0000002A
019 09134 00000000 00000035 00000001 00000002 00000001 00000000 00000000 00000000 00000000 00000001 00000001 00000000 00000000 00000000 000007F0 0000002A
01B 01331 00000000 00000001 00000001 00000002 00000001 00000000 00000000 00000000 00000000 00000001 00000001 00000000 00000000 00000000 000007F0 0000002A
01D 0FF10 00000000 0000000D 00000001 00000001 00000001 00000000 00000000 00000000 00000000 00000001 00000001 00000000 00000000 00000000 000007F0 0000002A
00D 00EE1 00000000 FFFFFFFC 00000001 00000001 00000001 00000000 00000000 00000000 00000000 00000001 00000001 00000000 00000000 00000000 000007F0 0000001F
00F 11AE1 00000000 00000003 00000001 00000001 00000001 00000000 00000000 00000000 00000000 00000001 00000001 00000000 00000000 00000000 000007EC 0000001F
011 11FE1 00000000 00000002 00000001 00000001 00000001 00000000 00000000 00000000 00000000 00000001 00000001 00000000 00000000 00000000 000007EC 0000001F
013 114E1 00000000 00000001 00000001 00000001 00000001 00000000 00000000 00000000 00000000 00000001 00000001 00000000 00000000 00000000 000007EC 0000001F
015 113E1 00000000 00000000 00000001 00000001 00000001 00000000 00000000 00000000 00000000 00000001 00000001 00000000 00000000 00000000 000007EC 0000001F
017 09140 00000000 00000035 00000001 00000001 00000001 00000000 00000000 00000000 00000000 00000001 00000001 00000000 00000000 00000000 000007EC 0000001F
019 09134 00000000 00000035 00000001 00000001 00000001 00000000 00000000 00000000 00000000 00000001 00000001 00000000 00000000 00000000 000007EC 0000001F
035 00201 00000000 00000001 00000001 00000001 00000001 00000000 00000000 00000000 00000000 00000001 00000001 00000000 00000000 00000000 000007EC 0000001F
037 00EE1 00000000 00000004 00000001 00000001 00000001 00000000 00000000 00000000 00000000 00000001 00000001 00000000 00000000 00000000 000007EC 0000001F
039 09F00 00000000 00000000 00000001 00000001 00000001 00000000 00000000 00000000 00000000 00000001 00000001 00000000 00000000 00000000 000007F0 0000001F
01F 00A20 00000000 00000000 00000001 00000001 00000001 00000000 00000000 00000000 00000000 00000001 00000001 00000000 00000000 00000000 000007F0 0000001F
020 103E1 00000000 00000000 00000001 00000001 00000001 00000000 00000000 00000000 00000000 00000001 00000001 00000000 00000000 00000000 000007F0 0000001F
022 104E1 00000000 00000001 00000001 00000002 00000001 00000000 00000000 00000000 00000000 00000001 00000001 00000000 00000000 00000000 000007F0 0000001F
024 01331 00000000 00000001 00000001 00000002 00000001 00000000 00000000 00000000 00000000 00000001 00000001 00000000 00000000 00000000 000007F0 0000001F
026 01441 00000000 00000001 00000001 00000001 00000001 00000000 00000000 00000000 00000000 00000001 00000001 00000000 00000000 00000000 000007F0 0000001F
028 0FF10 00000000 0000000D 00000001 00000001 00000000 00000000 00000000 00000000 00000000 00000001 00000001 00000000 00000000 00000000 000007F0 0000001F
00D 00EE1 00000000 FFFFFFFC 00000001 00000001 00000000 00000000 00000000 00000000 00000000 00000001 00000001 00000000 00000000 00000000 000007F0 0000002A
00F 11AE1 00000000 00000003 00000001 00000001 00000000 00000000 00000000 00000000 00000000 00000001 00000001 00000000 00000000 00000000 000007EC 0000002A
011 11FE1 00000000 00000002 00000001 00000001 00000000 00000000 00000000 00000000 00000000 00000001 00000001 00000000 00000000 00000000 000007EC 0000002A
013 114E1 00000000 00000001 00000001 00000001 00000000 00000000 00000000 00000000 00000000 00000001 00000001 00000000 00000000 00000000 000007EC 0000002A
015 113E1 00000000 00000000 00000001 00000001 00000000 00000000 00000000 00000000 00000000 00000001 00000001 00000000 00000000 00000000 000007EC 0000002A
017 09140 00000000 00000035 00000001 00000001 00000000 00000000 00000000 00000000 00000000 00000001 00000001 00000000 00000000 00000000 000007EC 0000002A
035 00201 00000000 00000001 00000001 00000001 00000000 00000000 00000000 00000000 00000000 00000001 00000001 00000000 00000000 00000000 000007EC 0000002A
037 00EE1 00000000 00000004 00000001 00000001 00000000 00000000 00000000 00000000 00000000 00000001 00000001 00000000 00000000 00000000 000007EC 0000002A
039 09F00 00000000 00000000 00000001 00000001 00000000 00000000 00000000 00000000 00000000 00000001 00000001 00000000 00000000 00000000 000007F0 0000002A
02A 0022A 00000000 00000000 00000001 00000001 00000000 00000000 00000000 00000000 00000000 00000001 00000001 00000000 00000000 00000000 000007F0 0000002A
02B 103E1 00000000 00000000 00000002 00000001 00000000 00000000 00000000 00000000 00000000 00000001 00000001 00000000 00000000 00000000 000007F0 0000002A
02D 104E1 00000000 00000001 00000002 00000002 00000000 00000000 00000000 00000000 00000000 00000001 00000001 00000000 00000000 00000000 000007F0 0000002A
02F 10FE1 00000000 00000002 00000002 00000002 00000001 00000000 00000000 00000000 00000000 00000001 00000001 00000000 00000000 00000000 000007F0 0000002A
031 10AE1 00000000 00000003 00000002 00000002 00000001 00000000 00000000 00000000 00000000 00000001 00000001 00000000 00000000 00000000 000007F0 0000002A
033 09100 00000000 00000037 00000002 00000002 00000001 00000000 00000000 00000000 00000000 00000001 00000001 00000000 00000000 00000000 000007F0 0000002A
037 00EE1 00000000 00000004 00000002 00000002 00000001 00000000 00000000 00000000 00000000 00000001 00000001 00000000 00000000 00000000 000007F0 0000002A
039 09F00 00000000 00000000 00000002 00000002 00000001 00000000 00000000 00000000 00000000 00000001 00000001 00000000 00000000 00000000 000007F4 0000002A
02A 0022A 00000000 00000000 00000002 00000002 00000001 00000000 00000000 00000000 00000000 00000001 00000001 00000000 00000000 00000000 000007F4 0000002A
02B 103E1 00000000 00000000 00000003 00000002 00000001 00000000 00000000 00000000 00000000 00000001 00000001 00000000 00000000 00000000 000007F4 0000002A
02D 104E1 00000000 00000001 00000003 00000003 00000001 00000000 00000000 00000000 00000000 00000001 00000001 00000000 00000000 00000000 000007F4 0000002A
02F 10FE1 00000000 00000002 00000003 00000003 00000002 00000000 00000000 00000000 00000000 00000001 00000001 00000000 00000000 00000000 000007F4 0000002A
031 10AE1 00000000 00000003 00000003 00000003 00000002 00000000 00000000 00000000 00000000 00000001 00000001 00000000 00000000 00000000 000007F4 0000001F
033 09100 00000000 00000037 00000003 00000003 00000002 00000000 00000000 00000000 00000000 00000001 00000000 00000000 00000000 00000000 000007F4 0000001F
037 00EE1 00000000 00000004 00000003 00000003 00000002 00000000 00000000 00000000 00000000 00000001 00000000 00000000 00000000 00000000 000007F4 0000001F
039 09F00 00000000 00000000 00000003 00000003 00000002 00000000 00000000 00000000 00000000 00000001 00000000 00000000 00000000 00000000 000007F8 0000001F
01F 00A20 00000000 00000000 00000003 00000003 00000002 00000000 00000000 00000000 00000000 00000001 00000000 00000000 00000000 00000000 000007F8 0000001F
020 103E1 00000000 00000000 00000003 00000003 00000002 00000000 00000000 00000000 00000000 00000001 00000003 00000000 00000000 00000000 000007F8 0000001F
022 104E1 00000000 00000001 00000003 00000004 00000002 00000000 00000000 00000000 00000000 00000001 00000003 00000000 00000000 00000000 000007F8 0000001F
024 01331 00000000 00000001 00000003 00000004 00000002 00000000 00000000 00000000 00000000 00000001 00000003 00000000 00000000 00000000 000007F8 0000001F
026 01441 00000000 00000001 00000003 00000003 00000002 00000000 00000000 00000000 00000000 00000001 00000003 00000000 00000000 00000000 000007F8 0000001F
028 0FF10 00000000 0000000D 00000003 00000003 00000001 00000000 00000000 00000000 00000000 00000001 00000003 00000000 00000000 00000000 000007F8 0000001F
00D 00EE1 00000000 FFFFFFFC 00000003 00000003 00000001 00000000 00000000 00000000 00000000 00000001 00000003 00000000 00000000 00000000 000007F8 0000002A
00F 11AE1 00000000 00000003 00000003 00000003 00000001 00000000 00000000 00000000 00000000 00000001 00000003 00000000 00000000 00000000 000007F4 0000002A
011 11FE1 00000000 00000002 00000003 00000003 00000001 00000000 00000000 00000000 00000000 00000001 00000003 00000000 00000000 00000000 000007F4 0000002A
013 114E1 00000000 00000001 00000003 00000003 00000001 00000000 00000000 00000000 00000000 00000001 00000003 00000000 00000000 00000000 000007F4 0000002A
015 113E1 00000000 00000000 00000003 00000003 00000001 00000000 00000000 00000000 00000000 00000001 00000003 00000000 00000000 00000000 000007F4 0000002A
017 09140 00000000 00000035 00000003 00000003 00000001 00000000 00000000 00000000 00000000 00000001 00000003 00000000 00000000 00000000 000007F4 0000002A
019 09134 00000000 00000035 00000003 00000003 00000001 00000000 00000000 00000000 00000000 00000001 00000003 00000000 00000000 00000000 000007F4 0000002A
01B 01331 00000000 00000001 00000003 00000003 00000001 00000000 00000000 00000000 00000000 00000001 00000003 00000000 00000000 00000000 000007F4 0000002A
01D 0FF10 00000000 0000000D 00000003 00000002 00000001 00000000 00000000 00000000 00000000 00000001 00000003 00000000 00000000 00000000 000007F4 0000002A
00D 00EE1 00000000 FFFFFFFC 00000003 00000002 00000001 00000000 00000000 00000000 00000000 00000001 00000003 00000000 00000000 00000000 000007F4 0000001F
00F 11AE1 00000000 00000003 00000003 00000002 00000001 00000000 00000000 00000000 00000000 00000001 00000003 00000000 00000000 00000000 000007F0 0000001F
011 11FE1 00000000 00000002 00000003 00000002 00000001 00000000 00000000 00000000 00000000 00000001 00000003 00000000 00000000 00000000 000007F0 0000001F
013 114E1 00000000 00000001 00000003 00000002 00000001 00000000 00000000 00000000 00000000 00000001 00000003 00000000 00000000 00000000 000007F0 0000001F
015 113E1 00000000 00000000 00000003 00000002 00000001 00000000 00000000 00000000 00000000 00000001 00000003 00000000 00000000 00000000 000007F0 0000001F
017 09140 00000000 00000035 00000003 00000002 00000001 00000000 00000000 00000000 00000000 00000001 00000003 00000000 00000000 00000000 000007F0 0000001F
019 09134 00000000 00000035 00000003 00000002 00000001 00000000 00000000 00000000 00000000 00000001 00000003 00000000 00000000 00000000 000007F0 0000001F
01B 01331 00000000 00000001 00000003 00000002 00000001 00000000 00000000 00000000 00000000 00000001 00000003 00000000 00000000 00000000 000007F0 0000001F
01D 0FF10 00000000 0000000D 00000003 00000001 00000001 00000000 00000000 00000000 00000000 00000001 00000003 00000000 00000000 00000000 000007F0 0000001F
00D 00EE1 00000000 FFFFFFFC 00000003 00000001 00000001 00000000 00000000 00000000 00000000 00000001 00000003 00000000 00000000 00000000 000007F0 0000001F
00F 11AE1 00000000 00000003 00000003 00000001 00000001 00000000 00000000 00000000 00000000 00000001 00000003 00000000 00000000 00000000 000007EC 0000001F
011 11FE1 00000000 00000002 00000003 00000001 00000001 00000000 00000000 00000000 00000000 00000001 00000003 00000000 00000000 00000000 000007EC 0000001F
013 114E1 00000000 00000001 00000003 00000001 00000001 00000000 00000000 00000000 00000000 00000001 00000003 00000000 00000000 00000000 000007EC 0000001F
015 113E1 00000000 00000000 00000003 00000001 00000001 00000000 00000000 00000000 00000000 00000001 00000003 00000000 00000000 00000000 000007EC 0000001F
017 09140 00000000 00000035 00000003 00000001 00000001 00000000 00000000 00000000 00000000 00000001 00000003 00000000 00000000 00000000 000007EC 0000001F
019 09134 00000000 00000035 00000003 00000001 00000001 00000000 00000000 00000000 00000000 00000001 00000003 00000000 00000000 00000000 000007EC 0000001F
035 00201 00000000 00000001 00000003 00000001 00000001 00000000 00000000 00000000 00000000 00000001 00000003 00000000 00000000 00000000 000007EC 0000001F
037 00EE1 00000000 00000004 00000001 00000001 00000001 00000000 00000000 00000000 00000000 00000001 00000003 00000000 00000000 00000000 000007EC 0000001F
039 09F00 00000000 00000000 00000001 00000001 00000001 00000000 00000000 00000000 00000000 00000001 00000003 00000000 00000000 00000000 000007F0 0000001F
01F 00A20 00000000 00000000 00000001 00000001 00000001 00000000 00000000 00000000 00000000 00000001 00000003 00000000 00000000 00000000 000007F0 0000001F
020 103E1 00000000 00000000 00000001 00000001 00000001 00000000 00000000 00000000 00000000 00000001 00000001 00000000 00000000 00000000 000007F0 0000001F
022 104E1 00000000 00000001 00000001 00000002 00000001 00000000 00000000 00000000 00000000 00000001 00000001 00000000 00000000 00000000 000007F0 0000001F
024 01331 00000000 00000001 00000001 00000002 00000001 00000000 00000000 00000000 00000000 00000001 00000001 00000000 00000000 00000000 000007F0 0000001F
026 01441 00000000 00000001 00000001 00000001 00000001 00000000 00000000 00000000 00000000 00000001 00000001 00000000 00000000 00000000 000007F0 0000001F
028 0FF10 00000000 0000000D 00000001 00000001 00000000 00000000 00000000 00000000 00000000 00000001 00000001 00000000 00000000 00000000 000007F0 0000001F
00D 00EE1 00000000 FFFFFFFC 00000001 00000001 00000000 00000000 00000000 00000000 00000000 00000001 00000001 00000000 00000000 00000000 000007F0 0000002A
00F 11AE1 00000000 00000003 00000001 00000001 00000000 00000000 00000000 00000000 00000000 00000001 00000001 00000000 00000000 00000000 000007EC 0000002A
011 11FE1 00000000 00000002 00000001 00000001 00000000 00000000 00000000 00000000 00000000 00000001 00000001 00000000 00000000 00000000 000007EC 0000002A
013 114E1 00000000 00000001 00000001 00000001 00000000 00000000 00000000 00000000 00000000 00000001 00000001 00000000 00000000 00000000 000007EC 0000002A
015 113E1 00000000 00000000 00000001 00000001 00000000 00000000 00000000 00000000 00000000 00000001 00000001 00000000 00000000 00000000 000007EC 0000002A
017 09140 00000000 00000035 00000001 00000001 00000000 00000000 00000000 00000000 00000000 00000001 00000001 00000000 00000000 00000000 000007EC 0000002A
035 00201 00000000 00000001 00000001 00000001 00000000 00000000 00000000 00000000 00000000 00000001 00000001 00000000 00000000 00000000 000007EC 0000002A
037 00EE1 00000000 00000004 00000001 00000001 00000000 00000000 00000000 00000000 00000000 00000001 00000001 00000000 00000000 00000000 000007EC 0000002A
039 09F00 00000000 00000000 00000001 00000001 00000000 00000000 00000000 00000000 00000000 00000001 00000001 00000000 00000000 00000000 000007F0 0000002A
02A 0022A 00000000 00000000 00000001 00000001 00000000 00000000 00000000 00000000 00000000 00000001 00000001 00000000 00000000 00000000 000007F0 0000002A
02B 103E1 00000000 00000000 00000002 00000001 00000000 00000000 00000000 00000000 00000000 00000001 00000001 00000000 00000000 00000000 000007F0 0000002A
02D 104E1 00000000 00000001 00000002 00000002 00000000 00000000 00000000 00000000 00000000 00000001 00000001 00000000 00000000 00000000 000007F0 0000002A
02F 10FE1 00000000 00000002 00000002 00000002 00000001 00000000 00000000 00000000 00000000 00000001 00000001 00000000 00000000 00000000 000007F0 0000002A
031 10AE1 00000000 00000003 00000002 00000002 00000001 00000000 00000000 00000000 00000000 00000001 00000001 00000000 00000000 00000000 000007F0 0000001F
033 09100 00000000 00000037 00000002 00000002 00000001 00000000 00000000 00000000 00000000 00000001 00000003 00000000 00000000 00000000 000007F0 0000001F
037 00EE1 00000000 00000004 00000002 00000002 00000001 00000000 00000000 00000000 00000000 00000001 00000003 00000000 00000000 00000000 000007F0 0000001F
039 09F00 00000000 00000000 00000002 00000002 00000001 00000000 00000000 00000000 00000000 00000001 00000003 00000000 00000000 00000000 000007F4 0000001F
01F 00A20 00000000 00000000 00000002 00000002 00000001 00000000 00000000 00000000 00000000 00000001 00000003 00000000 00000000 00000000 000007F4 0000001F
020 103E1 00000000 00000000 00000002 00000002 00000001 00000000 00000000 00000000 00000000 00000001 00000002 00000000 00000000 00000000 000007F4 0000001F
022 104E1 00000000 00000001 00000002 00000003 00000001 00000000 00000000 00000000 00000000 00000001 00000002 00000000 00000000 00000000 000007F4 0000001F
024 01331 00000000 00000001 00000002 00000003 00000001 00000000 00000000 00000000 00000000 00000001 00000002 00000000 00000000 00000000 000007F4 0000001F
026 01441 00000000 00000001 00000002 00000002 00000001 00000000 00000000 00000000 00000000 00000001 00000002 00000000 00000000 00000000 000007F4 0000001F
028 0FF10 00000000 0000000D 00000002 00000002 00000000 00000000 00000000 00000000 00000000 00000001 00000002 00000000 00000000 00000000 000007F4 0000001F
00D 00EE1 00000000 FFFFFFFC 00000002 00000002 00000000 00000000 00000000 00000000 00000000 00000001 00000002 00000000 00000000 00000000 000007F4 0000002A
00F 11AE1 00000000 00000003 00000002 00000002 00000000 00000000 00000000 00000000 00000000 00000001 00000002 00000000 00000000 00000000 000007F0 0000002A
011 11FE1 00000000 00000002 00000002 00000002 00000000 00000000 00000000 00000000 00000000 00000001 00000002 00000000 00000000 00000000 000007F0 0000002A
013 114E1 00000000 00000001 00000002 00000002 00000000 00000000 00000000 00000000 00000000 00000001 00000002 00000000 00000000 00000000 000007F0 0000002A
015 113E1 00000000 00000000 00000002 00000002 00000000 00000000 00000000 00000000 00000000 00000001 00000002 00000000 00000000 00000000 000007F0 0000002A
017 09140 00000000 00000035 00000002 00000002 00000000 00000000 00000000 00000000 00000000 00000001 00000002 00000000 00000000 00000000 000007F0 0000002A
035 00201 00000000 00000001 00000002 00000002 00000000 00000000 00000000 00000000 00000000 00000001 00000002 00000000 00000000 00000000 000007F0 0000002A
037 00EE1 00000000 00000004 00000001 00000002 00000000 00000000 00000000 00000000 00000000 00000001 00000002 00000000 00000000 00000000 000007F0 0000002A
039 09F00 00000000 00000000 00000001 00000002 00000000 00000000 00000000 00000000 00000000 00000001 00000002 00000000 00000000 00000000 000007F4 0000002A
02A 0022A 00000000 00000000 00000001 00000002 00000000 00000000 00000000 00000000 00000000 00000001 00000002 00000000 00000000 00000000 000007F4 0000002A
02B 103E1 00000000 00000000 00000003 00000002 00000000 00000000 00000000 00000000 00000000 00000001 00000002 00000000 00000000 00000000 000007F4 0000002A
02D 104E1 00000000 00000001 00000003 00000003 00000000 00000000 00000000 00000000 00000000 00000001 00000002 00000000 00000000 00000000 000007F4 0000002A
02F 10FE1 00000000 00000002 00000003 00000003 00000001 00000000 00000000 00000000 00000000 00000001 00000002 00000000 00000000 00000000 000007F4 0000002A
031 10AE1 00000000 00000003 00000003 00000003 00000001 00000000 00000000 00000000 00000000 00000001 00000002 00000000 00000000 00000000 000007F4 0000002A
033 09100 00000000 00000037 00000003 00000003 00000001 00000000 00000000 00000000 00000000 00000001 00000003 00000000 00000000 00000000 000007F4 0000002A
037 00EE1 00000000 00000004 00000003 00000003 00000001 00000000 00000000 00000000 00000000 00000001 00000003 00000000 00000000 00000000 000007F4 0000002A
039 09F00 00000000 00000000 00000003 00000003 00000001 00000000 00000000 00000000 00000000 00000001 00000003 00000000 00000000 00000000 000007F8 0000002A
02A 0022A 00000000 00000000 00000003 00000003 00000001 00000000 00000000 00000000 00000000 00000001 00000003 00000000 00000000 00000000 000007F8 0000002A
02B 103E1 00000000 00000000 00000006 00000003 00000001 00000000 00000000 00000000 00000000 00000001 00000003 00000000 00000000 00000000 000007F8 0000002A
02D 104E1 00000000 00000001 00000006 00000004 00000001 00000000 00000000 00000000 00000000 00000001 00000003 00000000 00000000 00000000 000007F8 0000002A
02F 10FE1 00000000 00000002 00000006 00000004 00000002 00000000 00000000 00000000 00000000 00000001 00000003 00000000 00000000 00000000 000007F8 0000002A
031 10AE1 00000000 00000003 00000006 00000004 00000002 00000000 00000000 00000000 00000000 00000001 00000003 00000000 00000000 00000000 000007F8 0000001F
033 09100 00000000 00000037 00000006 00000004 00000002 00000000 00000000 00000000 00000000 00000001 00000000 00000000 00000000 00000000 000007F8 0000001F
037 00EE1 00000000 00000004 00000006 00000004 00000002 00000000 00000000 00000000 00000000 00000001 00000000 00000000 00000000 00000000 000007F8 0000001F
039 09F00 00000000 00000000 00000006 00000004 00000002 00000000 00000000 00000000 00000000 00000001 00000000 00000000 00000000 00000000 000007FC 0000001F
01F 00A20 00000000 00000000 00000006 00000004 00000002 00000000 00000000 00000000 00000000 00000001 00000000 00000000 00000000 00000000 000007FC 0000001F
020 103E1 00000000 00000000 00000006 00000004 00000002 00000000 00000000 00000000 00000000 00000001 00000006 00000000 00000000 00000000 000007FC 0000001F
022 104E1 00000000 00000001 00000006 00000005 00000002 00000000 00000000 00000000 00000000 00000001 00000006 00000000 00000000 00000000 000007FC 0000001F
024 01331 00000000 00000001 00000006 00000005 00000002 00000000 00000000 00000000 00000000 00000001 00000006 00000000 00000000 00000000 000007FC 0000001F
026 01441 00000000 00000001 00000006 00000004 00000002 00000000 00000000 00000000 00000000 00000001 00000006 00000000 00000000 00000000 000007FC 0000001F
028 0FF10 00000000 0000000D 00000006 00000004 00000001 00000000 00000000 00000000 00000000 00000001 00000006 00000000 00000000 00000000 000007FC 0000001F
00D 00EE1 00000000 FFFFFFFC 00000006 00000004 00000001 00000000 00000000 00000000 00000000 00000001 00000006 00000000 00000000 00000000 000007FC 0000002A
00F 11AE1 00000000 00000003 00000006 00000004 00000001 00000000 00000000 00000000 00000000 00000001 00000006 00000000 00000000 00000000 000007F8 0000002A
011 11FE1 00000000 00000002 00000006 00000004 00000001 00000000 00000000 00000000 00000000 00000001 00000006 00000000 00000000 00000000 000007F8 0000002A
013 114E1 00000000 00000001 00000006 00000004 00000001 00000000 00000000 00000000 00000000 00000001 00000006 00000000 00000000 00000000 000007F8 0000002A
015 113E1 00000000 00000000 00000006 00000004 00000001 00000000 00000000 00000000 00000000 00000001 00000006 00000000 00000000 00000000 000007F8 0000002A
017 09140 00000000 00000035 00000006 00000004 00000001 00000000 00000000 00000000 00000000 00000001 00000006 00000000 00000000 00000000 000007F8 0000002A
019 09134 00000000 00000035 00000006 00000004 00000001 00000000 00000000 00000000 00000000 00000001 00000006 00000000 00000000 00000000 000007F8 0000002A
01B 01331 00000000 00000001 00000006 00000004 00000001 00000000 00000000 00000000 00000000 00000001 00000006 00000000 00000000 00000000 000007F8 0000002A
01D 0FF10 00000000 0000000D 00000006 00000003 00000001 00000000 00000000 00000000 00000000 00000001 00000006 00000000 00000000 00000000 000007F8 0000002A
00D 00EE1 00000000 FFFFFFFC 00000006 00000003 00000001 00000000 00000000 00000000 00000000 00000001 00000006 00000000 00000000 00000000 000007F8 0000001F
00F 11AE1 00000000 00000003 00000006 00000003 00000001 00000000 00000000 00000000 00000000 00000001 00000006 00000000 00000000 00000000 000007F4 0000001F
011 11FE1 00000000 00000002 00000006 00000003 00000001 00000000 00000000 00000000 00000000 00000001 00000006 00000000 00000000 00000000 000007F4 0000001F
013 114E1 00000000 00000001 00000006 00000003 00000001 00000000 00000000 00000000 00000000 00000001 00000006 00000000 00000000 00000000 000007F4 0000001F
015 113E1 00000000 00000000 00000006 00000003 00000001 00000000 00000000 00000000 00000000 00000001 00000006 00000000 00000000 00000000 000007F4 0000001F
017 09140 00000000 00000035 00000006 00000003 00000001 00000000 00000000 00000000 00000000 00000001 00000006 00000000 00000000 00000000 000007F4 0000001F
019 09134 00000000 00000035 00000006 00000003 00000001 00000000 00000000 00000000 00000000 00000001 00000006 00000000 00000000 00000000 000007F4 0000001F
01B 01331 00000000 00000001 00000006 00000003 00000001 00000000 00000000 00000000 00000000 00000001 00000006 00000000 00000000 00000000 000007F4 0000001F
01D 0FF10 00000000 0000000D 00000006 00000002 00000001 00000000 00000000 00000000 00000000 00000001 00000006 00000000 00000000 00000000 000007F4 0000001F
00D 00EE1 00000000 FFFFFFFC 00000006 00000002 00000001 00000000 00000000 00000000 00000000 00000001 00000006 00000000 00000000 00000000 000007F4 0000001F
00F 11AE1 00000000 00000003 00000006 00000002 00000001 00000000 00000000 00000000 00000000 00000001 00000006 00000000 00000000 00000000 000007F0 0000001F
011 11FE1 00000000 00000002 00000006 00000002 00000001 00000000 00000000 00000000 00000000 00000001 00000006 00000000 00000000 00000000 000007F0 0000001F
013 114E1 00000000 00000001 00000006 00000002 00000001 00000000 00000000 00000000 00000000 00000001 00000006 00000000 00000000 00000000 000007F0 0000001F
015 113E1 00000000 00000000 00000006 00000002 00000001 00000000 00000000 00000000 00000000 00000001 00000006 00000000 00000000 00000000 000007F0 0000001F
017 09140 00000000 00000035 00000006 00000002 00000001 00000000 00000000 00000000 00000000 00000001 00000006 00000000 00000000 00000000 000007F0 0000001F
019 09134 00000000 00000035 00000006 00000002 00000001 00000000 00000000 00000000 00000000 00000001 00000006 00000000 00000000 00000000 000007F0 0000001F
01B 01331 00000000 00000001 00000006 00000002 00000001 00000000 00000000 00000000 00000000 00000001 00000006 00000000 00000000 00000000 000007F0 0000001F
01D 0FF10 00000000 0000000D 00000006 00000001 00000001 00000000 00000000 00000000 00000000 00000001 00000006 00000000 00000000 00000000 000007F0 0000001F
00D 00EE1 00000000 FFFFFFFC 00000006 00000001 00000001 00000000 00000000 00000000 00000000 00000001 00000006 00000000 00000000 00000000 000007F0 0000001F
00F 11AE1 00000000 00000003 00000006 00000001 00000001 00000000 00000000 00000000 00000000 00000001 00000006 00000000 00000000 00000000 000007EC 0000001F
011 11FE1 00000000 00000002 00000006 00000001 00000001 00000000 00000000 00000000 00000000 00000001 00000006 00000000 00000000 00000000 000007EC 0000001F
013 114E1 00000000 00000001 00000006 00000001 00000001 00000000 00000000 00000000 00000000 00000001 00000006 00000000 00000000 00000000 000007EC 0000001F
015 113E1 00000000 00000000 00000006 00000001 00000001 00000000 00000000 00000000 00000000 00000001 00000006 00000000 00000000 00000000 000007EC 0000001F
017 09140 00000000 00000035 00000006 00000001 00000001 00000000 00000000 00000000 00000000 00000001 00000006 00000000 00000000 00000000 000007EC 0000001F
019 09134 00000000 00000035 00000006 00000001 00000001 00000000 00000000 00000000 00000000 00000001 00000006 00000000 00000000 00000000 000007EC 0000001F
035 00201 00000000 00000001 00000006 00000001 00000001 00000000 00000000 00000000 00000000 00000001 00000006 00000000 00000000 00000000 000007EC 0000001F
037 00EE1 00000000 00000004 00000001 00000001 00000001 00000000 00000000 00000000 00000000 00000001 00000006 00000000 00000000 00000000 000007EC 0000001F
039 09F00 00000000 00000000 00000001 00000001 00000001 00000000 00000000 00000000 00000000 00000001 00000006 00000000 00000000 00000000 000007F0 0000001F
01F 00A20 00000000 00000000 00000001 00000001 00000001 00000000 00000000 00000000 00000000 00000001 00000006 00000000 00000000 00000000 000007F0 0000001F
020 103E1 00000000 00000000 00000001 00000001 00000001 00000000 00000000 00000000 00000000 00000001 00000001 00000000 00000000 00000000 000007F0 0000001F
022 104E1 00000000 00000001 00000001 00000002 00000001 00000000 00000000 00000000 00000000 00000001 00000001 00000000 00000000 00000000 000007F0 0000001F
024 01331 00000000 00000001 00000001 00000002 00000001 00000000 00000000 00000000 00000000 00000001 00000001 00000000 00000000 00000000 000007F0 0000001F
026 01441 00000000 00000001 00000001 00000001 00000001 00000000 00000000 00000000 00000000 00000001 00000001 00000000 00000000 00000000 000007F0 0000001F
028 0FF10 00000000 0000000D 00000001 00000001 00000000 00000000 00000000 00000000 00000000 00000001 00000001 00000000 00000000 00000000 000007F0 0000001F
00D 00EE1 00000000 FFFFFFFC 00000001 00000001 00000000 00000000 00000000 00000000 00000000 00000001 00000001 00000000 00000000 00000000 000007F0 0000002A
00F 11AE1 00000000 00000003 00000001 00000001 00000000 00000000 00000000 00000000 00000000 00000001 00000001 00000000 00000000 00000000 000007EC 0000002A
011 11FE1 00000000 00000002 00000001 00000001 00000000 00000000 00000000 00000000 00000000 00000001 00000001 00000000 00000000 00000000 000007EC 0000002A
013 114E1 00000000 00000001 00000001 00000001 00000000 00000000 00000000 00000000 00000000 00000001 00000001 00000000 00000000 00000000 000007EC 0000002A
015 113E1 00000000 00000000 00000001 00000001 00000000 00000000 00000000 00000000 00000000 00000001 00000001 00000000 00000000 00000000 000007EC 0000002A
017 09140 00000000 00000035 00000001 00000001 00000000 00000000 00000000 00000000 00000000 00000001 00000001 00000000 00000000 00000000 000007EC 0000002A
035 00201 00000000 00000001 00000001 00000001 00000000 00000000 00000000 00000000 00000000 00000001 00000001 00000000 00000000 00000000 000007EC 0000002A
037 00EE1 00000000 00000004 00000001 00000001 00000000 00000000 00000000 00000000 00000000 00000001 00000001 00000000 00000000 00000000 000007EC 0000002A
039 09F00 00000000 00000000 00000001 00000001 00000000 00000000 00000000 00000000 00000000 00000001 00000001 00000000 00000000 00000000 000007F0 0000002A
02A 0022A 00000000 00000000 00000001 00000001 00000000 00000000 00000000 00000000 00000000 00000001 00000001 00000000 00000000 00000000 000007F0 0000002A
02B 103E1 00000000 00000000 00000002 00000001 00000000 00000000 00000000 00000000 00000000 00000001 00000001 00000000 00000000 00000000 000007F0 0000002A
02D 104E1 00000000 00000001 00000002 00000002 00000000 00000000 00000000 00000000 00000000 00000001 00000001 00000000 00000000 00000000 000007F0 0000002A
02F 10FE1 00000000 00000002 00000002 00000002 00000001 00000000 00000000 00000000 00000000 00000001 00000001 00000000 00000000 00000000 000007F0 0000002A
031 10AE1 00000000 00000003 00000002 00000002 00000001 00000000 00000000 00000000 00000000 00000001 00000001 00000000 00000000 00000000 000007F0 0000001F
033 09100 00000000 00000037 00000002 00000002 00000001 00000000 00000000 00000000 00000000 00000001 00000006 00000000 00000000 00000000 000007F0 0000001F
037 00EE1 00000000 00000004 00000002 00000002 00000001 00000000 00000000 00000000 00000000 00000001 00000006 00000000 00000000 00000000 000007F0 0000001F
039 09F00 00000000 00000000 00000002 00000002 00000001 00000000 00000000 00000000 00000000 00000001 00000006 00000000 00000000 00000000 000007F4 0000001F
01F 00A20 00000000 00000000 00000002 00000002 00000001 00000000 00000000 00000000 00000000 00000001 00000006 00000000 00000000 00000000 000007F4 0000001F
020 103E1 00000000 00000000 00000002 00000002 00000001 00000000 00000000 00000000 00000000 00000001 00000002 00000000 00000000 00000000 000007F4 0000001F
022 104E1 00000000 00000001 00000002 00000003 00000001 00000000 00000000 00000000 00000000 00000001 00000002 00000000 00000000 00000000 000007F4 0000001F
024 01331 00000000 00000001 00000002 00000003 00000001 00000000 00000000 00000000 00000000 00000001 00000002 00000000 00000000 00000000 000007F4 0000001F
026 01441 00000000 00000001 00000002 00000002 00000001 00000000 00000000 00000000 00000000 00000001 00000002 00000000 00000000 00000000 000007F4 0000001F
028 0FF10 00000000 0000000D 00000002 00000002 00000000 00000000 00000000 00000000 00000000 00000001 00000002 00000000 00000000 00000000 000007F4 0000001F
00D 00EE1 00000000 FFFFFFFC 00000002 00000002 00000000 00000000 00000000 00000000 00000000 00000001 00000002 00000000 00000000 00000000 000007F4 0000002A
00F 11AE1 00000000 00000003 00000002 00000002 00000000 00000000 00000000 00000000 00000000 00000001 00000002 00000000 00000000 00000000 000007F0 0000002A
011 11FE1 00000000 00000002 00000002 00000002 00000000 00000000 00000000 00000000 00000000 00000001 00000002 00000000 00000000 00000000 000007F0 0000002A
013 114E1 00000000 00000001 00000002 00000002 00000000 00000000 00000000 00000000 00000000 00000001 00000002 00000000 00000000 00000000 000007F0 0000002A
015 113E1 00000000 00000000 00000002 00000002 00000000 00000000 00000000 00000000 00000000 00000001 00000002 00000000 00000000 00000000 000007F0 0000002A
017 09140 00000000 00000035 00000002 00000002 00000000 00000000 00000000 00000000 00000000 00000001 00000002 00000000 00000000 00000000 000007F0 0000002A
035 00201 00000000 00000001 00000002 00000002 00000000 00000000 00000000 00000000 00000000 00000001 00000002 00000000 00000000 00000000 000007F0 0000002A
037 00EE1 00000000 00000004 00000001 00000002 00000000 00000000 00000000 00000000 00000000 00000001 00000002 00000000 00000000 00000000 000007F0 0000002A
039 09F00 00000000 00000000 00000001 00000002 00000000 00000000 00000000 00000000 00000000 00000001 00000002 00000000 00000000 00000000 000007F4 0000002A
02A 0022A 00000000 00000000 00000001 00000002 00000000 00000000 00000000 00000000 00000000 00000001 00000002 00000000 00000000 00000000 000007F4 0000002A
02B 103E1 00000000 00000000 00000003 00000002 00000000 00000000 00000000 00000000 00000000 00000001 00000002 00000000 00000000 00000000 000007F4 0000002A
02D 104E1 00000000 00000001 00000003 00000003 00000000 00000000 00000000 00000000 00000000 00000001 00000002 00000000 00000000 00000000 000007F4 0000002A
02F 10FE1 00000000 00000002 00000003 00000003 00000001 00000000 00000000 00000000 00000000 00000001 00000002 00000000 00000000 00000000 000007F4 0000002A
031 10AE1 00000000 00000003 00000003 00000003 00000001 00000000 00000000 00000000 00000000 00000001 00000002 00000000 00000000 00000000 000007F4 0000001F
033 09100 00000000 00000037 00000003 00000003 00000001 00000000 00000000 00000000 00000000 00000001 00000006 00000000 00000000 00000000 000007F4 0000001F
037 00EE1 00000000 00000004 00000003 00000003 00000001 00000000 00000000 00000000 00000000 00000001 00000006 00000000 00000000 00000000 000007F4 0000001F
039 09F00 00000000 00000000 00000003 00000003 00000001 00000000 00000000 00000000 00000000 00000001 00000006 00000000 00000000 00000000 000007F8 0000001F
01F 00A20 00000000 00000000 00000003 00000003 00000001 00000000 00000000 00000000 00000000 00000001 00000006 00000000 00000000 00000000 000007F8 0000001F
020 103E1 00000000 00000000 00000003 00000003 00000001 00000000 00000000 00000000 00000000 00000001 00000003 00000000 00000000 00000000 000007F8 0000001F
022 104E1 00000000 00000001 00000003 00000004 00000001 00000000 00000000 00000000 00000000 00000001 00000003 00000000 00000000 00000000 000007F8 0000001F
024 01331 00000000 00000001 00000003 00000004 00000001 00000000 00000000 00000000 00000000 00000001 00000003 00000000 00000000 00000000 000007F8 0000001F
026 01441 00000000 00000001 00000003 00000003 00000001 00000000 00000000 00000000 00000000 00000001 00000003 00000000 00000000 00000000 000007F8 0000001F
028 0FF10 00000000 0000000D 00000003 00000003 00000000 00000000 00000000 00000000 00000000 00000001 00000003 00000000 00000000 00000000 000007F8 0000001F
00D 00EE1 00000000 FFFFFFFC 00000003 00000003 00000000 00000000 00000000 00000000 00000000 00000001 00000003 00000000 00000000 00000000 000007F8 0000002A
00F 11AE1 00000000 00000003 00000003 00000003 00000000 00000000 00000000 00000000 00000000 00000001 00000003 00000000 00000000 00000000 000007F4 0000002A
011 11FE1 00000000 00000002 00000003 00000003 00000000 00000000 00000000 00000000 00000000 00000001 00000003 00000000 00000000 00000000 000007F4 0000002A
013 114E1 00000000 00000001 00000003 00000003 00000000 00000000 00000000 00000000 00000000 00000001 00000003 00000000 00000000 00000000 000007F4 0000002A
015 113E1 00000000 00000000 00000003 00000003 00000000 00000000 00000000 00000000 00000000 00000001 00000003 00000000 00000000 00000000 000007F4 0000002A
017 09140 00000000 00000035 00000003 00000003 00000000 00000000 00000000 00000000 00000000 00000001 00000003 00000000 00000000 00000000 000007F4 0000002A
035 00201 00000000 00000001 00000003 00000003 00000000 00000000 00000000 00000000 00000000 00000001 00000003 00000000 00000000 00000000 000007F4 0000002A
037 00EE1 00000000 00000004 00000001 00000003 00000000 00000000 00000000 00000000 00000000 00000001 00000003 00000000 00000000 00000000 000007F4 0000002A
039 09F00 00000000 00000000 00000001 00000003 00000000 00000000 00000000 00000000 00000000 00000001 00000003 00000000 00000000 00000000 000007F8 0000002A
02A 0022A 00000000 00000000 00000001 00000003 00000000 00000000 00000000 00000000 00000000 00000001 00000003 00000000 00000000 00000000 000007F8 0000002A
02B 103E1 00000000 00000000 00000004 00000003 00000000 00000000 00000000 00000000 00000000 00000001 00000003 00000000 00000000 00000000 000007F8 0000002A
02D 104E1 00000000 00000001 00000004 00000004 00000000 00000000 00000000 00000000 00000000 00000001 00000003 00000000 00000000 00000000 000007F8 0000002A
02F 10FE1 00000000 00000002 00000004 00000004 00000001 00000000 00000000 00000000 00000000 00000001 00000003 00000000 00000000 00000000 000007F8 0000002A
031 10AE1 00000000 00000003 00000004 00000004 00000001 00000000 00000000 00000000 00000000 00000001 00000003 00000000 00000000 00000000 000007F8 0000002A
033 09100 00000000 00000037 00000004 00000004 00000001 00000000 00000000 00000000 00000000 00000001 00000006 00000000 00000000 00000000 000007F8 0000002A
037 00EE1 00000000 00000004 00000004 00000004 00000001 00000000 00000000 00000000 00000000 00000001 00000006 00000000 00000000 00000000 000007F8 0000002A
039 09F00 00000000 00000000 00000004 00000004 00000001 00000000 00000000 00000000 00000000 00000001 00000006 00000000 00000000 00000000 000007FC 0000002A
02A 0022A 00000000 00000000 00000004 00000004 00000001 00000000 00000000 00000000 00000000 00000001 00000006 00000000 00000000 00000000 000007FC 0000002A
02B 103E1 00000000 00000000 0000000A 00000004 00000001 00000000 00000000 00000000 00000000 00000001 00000006 00000000 00000000 00000000 000007FC 0000002A
02D 104E1 00000000 00000001 0000000A 00000005 00000001 00000000 00000000 00000000 00000000 00000001 00000006 00000000 00000000 00000000 000007FC 0000002A
02F 10FE1 00000000 00000002 0000000A 00000005 00000002 00000000 00000000 00000000 00000000 00000001 00000006 00000000 00000000 00000000 000007FC 0000002A
031 10AE1 00000000 00000003 0000000A 00000005 00000002 00000000 00000000 00000000 00000000 00000001 00000006 00000000 00000000 00000000 000007FC 0000000A
033 09100 00000000 00000037 0000000A 00000005 00000002 00000000 00000000 00000000 00000000 00000001 00000000 00000000 00000000 00000000 000007FC 0000000A
037 00EE1 00000000 00000004 0000000A 00000005 00000002 00000000 00000000 00000000 00000000 00000001 00000000 00000000 00000000 00000000 000007FC 0000000A
039 09F00 00000000 00000000 0000000A 00000005 00000002 00000000 00000000 00000000 00000000 00000001 00000000 00000000 00000000 00000000 00000800 0000000A
00A 11201 00000000 00000102 0000000A 00000005 00000002 00000000 00000000 00000000 00000000 00000001 00000000 00000000 00000000 00000000 00000800 0000000A
00C 15000 00000000 00000000 0000000A 00000005 00000002 00000000 00000000 00000000 00000000 00000001 00000000 00000000 00000000 00000000 00000800 0000000A
